            0         1             2         3
0   0.038945  0.003306  5.359371e-01  0.063064
1   0.043370 -0.275020  6.265492e-01  0.045384
2   0.093434  0.715915  9.026330e-03  0.077446
6   0.080241  0.805343 -2.063857e-01 -0.165486
10  0.120111  0.898811 -2.221786e-01  0.002676
9  -0.010000  0.035542  0.000000e+00  0.000000
8   0.000006 -0.019900  0.000000e+00  0.000000
4   0.052417  0.000000 -3.940399e-02  0.000000
5   0.000000  0.000000  0.000000e+00  0.000000
12  0.000000  0.000000  0.000000e+00  0.000000
14  0.139818  0.160628  9.998709e-01  0.013673
13  0.000000  0.001108  2.887761e-01 -0.010000
3   0.000000 -0.029701  3.692078e-07  0.108350
7   0.000000  0.000000  0.000000e+00  0.000000
11  0.000000  0.000000  0.000000e+00  0.000000
15  0.000000  0.000000  0.000000e+00  0.000000
