            0         1         2         3
0   0.012220 -0.000399  0.346964  0.024245
1   0.049273 -0.252828  0.454388  0.034833
4  -0.000104  0.011099 -0.067935 -0.000041
5   0.000000  0.000000  0.000000  0.000000
8  -0.000556 -0.058520  0.062566  0.000340
12  0.000000  0.000000  0.000000  0.000000
2   0.038809  0.554417  0.002874  0.040412
6   0.074288  0.684681 -0.131254 -0.190272
10  0.099001  0.819987 -0.148542  0.028975
11  0.000000  0.000000  0.000000  0.000000
3  -0.000614 -0.067935 -0.000087  0.062647
14  0.109745  0.227803  0.999875  0.002727
13  0.036123  0.000005  0.000000 -0.019900
9  -0.039404  0.000650  0.345880  0.000710
7   0.000000  0.000000  0.000000  0.000000
15  0.000000  0.000000  0.000000  0.000000